Number of sequences =  2500
Number of different commands =  635 635 635
Number of co-occurences of rm with ls for user 1 and 2 for the first 5 sequences are:
User 1:  0.0 1.0 3.0 1.0 1.0
User 2:  1.0 0.0 0.0 0.0 0.0
We chose exact mean centering (destroys sparsity of the training matrix)
Centered correlation of rm with ls for user 1 and 2 for the first 5 sequences are:
User 1:  -0.7176 0.2824 2.2824 0.2824 0.2824
User 2:  0.2824 -0.7176 -0.7176 -0.7176 -0.7176

The contribution ratio is computed as a ratio of contribution of a component to the contribution of top 200 components since computing more components was taking too much time.

the normalized contribution ratio is 
[  2.97185570e-01   1.22180864e-01   1.04686344e-01   5.90320383e-02
   3.96952611e-02   3.55494582e-02   2.68859802e-02   1.89989611e-02
   1.78716344e-02   1.68638158e-02   1.51907136e-02   1.30223745e-02
   1.21461712e-02   1.10192945e-02   9.92154058e-03   9.26839417e-03
   8.05909744e-03   7.63326591e-03   7.06025122e-03   6.61550400e-03
   6.24427276e-03   6.19572875e-03   6.01580782e-03   5.80457804e-03
   5.23915460e-03   5.13855827e-03   4.89600919e-03   4.58582917e-03
   4.43384062e-03   3.80716721e-03   3.54104926e-03   3.20377049e-03
   3.12825484e-03   3.04596788e-03   2.96340014e-03   2.84662341e-03
   2.63348755e-03   2.41099233e-03   2.34642888e-03   2.26138192e-03
   2.17544739e-03   2.03891028e-03   1.94193133e-03   1.83599276e-03
   1.79002053e-03   1.64227680e-03   1.60137849e-03   1.53407185e-03
   1.51106034e-03   1.42297942e-03   1.36068316e-03   1.33148014e-03
   1.30889038e-03   1.26300659e-03   1.22769621e-03   1.22616337e-03
   1.20271715e-03   1.19336466e-03   1.17225070e-03   1.10320545e-03
   1.06651222e-03   1.03120083e-03   1.02068063e-03   9.59978523e-04
   9.46526442e-04   9.30633506e-04   9.01825231e-04   8.89338824e-04
   8.50419195e-04   8.30503837e-04   8.16475663e-04   7.99571877e-04
   7.77373616e-04   7.62541840e-04   7.49398585e-04   7.44979186e-04
   7.17381250e-04   6.87722784e-04   6.68277733e-04   6.47563724e-04
   6.31867159e-04   6.16730642e-04   6.15679893e-04   5.93906419e-04
   5.79402948e-04   5.72901931e-04   5.65434399e-04   5.50735921e-04
   5.31238534e-04   5.28535184e-04   5.20128938e-04   5.12258184e-04
   4.96934339e-04   4.88232099e-04   4.77622362e-04   4.65617096e-04
   4.60436318e-04   4.52233754e-04   4.46041986e-04   4.39946300e-04
   4.33104010e-04   4.28664522e-04   4.21299867e-04   4.15330844e-04
   4.09253091e-04   3.96654959e-04   3.89436777e-04   3.81171826e-04
   3.79731627e-04   3.77088043e-04   3.73939624e-04   3.65254482e-04
   3.63068062e-04   3.56130639e-04   3.50909632e-04   3.47359421e-04
   3.37702575e-04   3.35635343e-04   3.30937798e-04   3.28089618e-04
   3.25474767e-04   3.17242166e-04   3.13559784e-04   3.11936003e-04
   3.00298619e-04   2.95259737e-04   2.93160753e-04   2.85296436e-04
   2.84436977e-04   2.76934935e-04   2.73776795e-04   2.72848130e-04
   2.68872588e-04   2.64126484e-04   2.61363934e-04   2.57652037e-04
   2.53753711e-04   2.52108700e-04   2.45106075e-04   2.43988743e-04
   2.41492115e-04   2.34505523e-04   2.30154164e-04   2.26020555e-04
   2.23170711e-04   2.20029619e-04   2.18497999e-04   2.18067755e-04
   2.15331701e-04   2.15074914e-04   2.10959432e-04   2.06698351e-04
   2.01756795e-04   1.99601720e-04   1.98808891e-04   1.95751301e-04
   1.94317893e-04   1.90099736e-04   1.87565342e-04   1.86512009e-04
   1.84870493e-04   1.82760491e-04   1.80559947e-04   1.75576265e-04
   1.74592944e-04   1.72329460e-04   1.72039214e-04   1.71369869e-04
   1.68414225e-04   1.65414699e-04   1.62813492e-04   1.61973955e-04
   1.60043608e-04   1.58948327e-04   1.55343724e-04   1.54610747e-04
   1.53463274e-04   1.49867219e-04   1.48529933e-04   1.44837331e-04
   1.43471259e-04   1.39468255e-04   1.39364913e-04   1.38575150e-04
   1.36511071e-04   1.32830724e-04   1.32268276e-04   1.29177155e-04
   1.27457492e-04   1.25601285e-04   1.24267287e-04   1.22522598e-04
   1.22075606e-04   1.19826768e-04   1.16460938e-04   1.14949502e-04
   1.14693728e-04   1.13361513e-04   1.12821679e-04   1.06404769e-04]


